60
60
60
61
62
61
62
61
61
61
61
59
59
59
58
58
58
59
58
59
59
61
61
62
62
97
97
98
98
97
98
98
96
99
96
98
96
98
99
96
100
89
90
88
89
89
89
88
86
54
54
54
55
56
55
56
55
51
54
60
59
59
59
57
68
68
67
67
68
102
102
104
103
101
66
60
60
61
61
63
63
62
61
59
59
56
58
62
61
58
57
57
56
56
60
62
64
62
57
59
60
64
64
62
62
56
68
65
55
57
65
61
64
71
61
69
69
73
76
92
97
95
87
98
75
77
86
84
89
65
72
77
80
85
88
69
69
67
69
76
81
73
71
74
71
68
74
72
84
63
63
63
54
60
51
62
65
54
69
59
55
57
55
58
48
63
63
56
60
58
68
59
63
68
72
70
66
63
56
56
50
73
70
56
73
61
66
69
66
62
61
59
57
54
56
52
52
52
57
57
48
50
102
102
100
80
91
84
89
95
81
81
91
88
90
96
97
102
91
83
83
85
86
90
102
127
90
91
89
89
91
81
87
80
95
92
90
97
83
86
87
85
77
74
76
74
77
81
53
52
