127
127
126
127
126
127
128
127
128
129
129
127
127
127
126
126
125
124
126
125
125
125
126
126
126
74
74
75
74
75
76
75
76
75
74
77
76
76
75
75
77
90
91
90
90
91
90
90
88
125
125
124
123
124
125
126
126
130
124
74
74
73
75
74
100
100
100
101
100
84
84
83
85
84
103
121
120
121
120
124
124
123
130
123
123
125
125
114
134
121
121
128
129
129
124
127
128
118
123
122
122
126
119
120
121
131
121
115
128
119
123
131
134
121
138
133
125
134
122
131
127
119
141
125
130
125
119
123
123
139
139
139
138
145
138
106
107
106
107
114
118
103
99
97
110
111
111
113
115
110
112
102
100
110
110
97
99
112
95
99
94
103
106
107
109
89
89
92
91
83
80
88
89
88
93
85
84
79
80
87
67
66
70
71
70
78
77
75
62
66
72
64
63
61
66
71
72
77
77
56
59
66
94
95
91
96
106
96
111
93
102
106
90
99
101
103
108
103
86
87
91
93
107
113
115
127
77
76
76
76
75
75
68
71
77
83
69
79
78
77
83
71
68
73
80
82
86
84
38
33
